C101

VEHICLE
NUMBER     CAPACITY
  25         200

CUSTOMER
CUST NO.  XCOORD.   YCOORD.    DEMAND   READY TIME  DUE DATE   SERVICE   TIME

0        40         50        0        0        240        0
8        15         80        10        91        121        10
90        37         47        6        86        116        10
60        15         60        17        155        185        10
9        10         35        20        91        121        10
62        65         35        3        52        82        10
4        20         80        40        141        171        10
67        64         42        9        70        100        10
10        10         40        30        119        149        10
82        27         43        9        42        72        10
72        63         65        8        30        60        10
58        15         10        20        152        182        10
29        90         35        10        67        97        10
89        67         5        25        144        174        10
96        55         54        26        132        162        10
20        42         15        10        122        152        10
25        35         5        20        154        184        10
74        20         20        8        141        171        10
56        50         35        19        130        160        10
33        85         25        10        51        81        10
11        8         40        40        59        89        10
49        42         12        10        104        134        10
34        85         35        30        111        141        10
51        55         20        19        83        113        10
94        57         48        23        95        125        10
55        30         60        16        140        170        10
61        45         65        9        66        96        10
42        55         80        10        33        63        10
12        8         45        20        64        94        10
95        56         37        6        34        64        10
68        40         60        21        144        174        10