C101

VEHICLE
NUMBER     CAPACITY
  25         200

CUSTOMER
CUST NO.  XCOORD.   YCOORD.    DEMAND   READY TIME  DUE DATE   SERVICE   TIME

0        40         50        0        0        240        0
62        65         35        3        52        82        10
46        18         80        10        113        143        10
59        10         20        19        42        72        10
49        42         12        10        104        134        10
16        0         40        20        72        102        10
64        45         30        17        53        83        10
38        62         80        30        75        105        10
68        40         60        21        144        174        10
79        6         68        30        89        119        10
3        22         85        10        109        139        10
55        30         60        16        140        170        10
42        55         80        10        33        63        10
24        38         15        10        148        178        10
71        65         55        14        65        95        10
22        40         15        40        92        122        10
4        20         80        40        141        171        10
66        41         37        16        133        163        10
88        24         58        19        67        97        10
30        88         30        10        74        104        10
84        57         29        18        96        126        10
70        35         69        23        180        210        10
75        5         5        16        74        104        10
53        20         50        5        91        121        10
80        47         47        13        192        222        10
82        27         43        9        42        72        10
97        4         18        35        120        150        10
34        85         35        30        111        141        10
61        45         65        9        66        96        10
60        15         60        17        155        185        10
18        44         5        20        87        117        10
76        60         12        31        75        105        10
19        42         10        40        72        102        10
20        42         15        10        122        152        10
27        95         35        20        62        92        10
58        15         10        20        152        182        10
65        35         40        16        11        41        10
7        15         75        20        79        109        10
10        10         40        30        119        149        10
90        37         47        6        86        116        10
37        65         82        10        124        154        10