C101

VEHICLE
NUMBER     CAPACITY
  25         200

CUSTOMER
CUST NO.  XCOORD.   YCOORD.    DEMAND   READY TIME  DUE DATE   SERVICE   TIME

0          40           50          0          0          240          0
7          15           75          20          79          109          10
35          67           85          20          139          169          10
11          8           40          40          59          89          10
73          2           60          5          77          107          10
1          25           85          20          145          175          10
29          90           35          10          67          97          10
89          67           5          25          144          174          10
92          53           43          14          14          44          10
63          65           20          6          39          69          10
23          38           5          30          65          95          10
36          65           85          40          43          73          10
30          88           30          10          74          104          10
42          55           80          10          33          63          10
56          50           35          19          130          160          10
74          20           20          8          141          171          10
60          15           60          17          155          185          10
2          22           75          30          50          80          10
61          45           65          9          66          96          10
37          65           82          10          124          154          10
41          58           75          20          92          122          10
70          35           69          23          180          210          10
66          41           37          16          133          163          10
43          55           85          20          128          158          10
76          60           12          31          75          105          10
75          5           5          16          74          104          10
58          15           10          20          152          182          10
46          18           80          10          113          143          10
20          42           15          10          122          152          10
49          42           12          10          104          134          10
80          47           47          13          192          222          10
53          20           50          5          91          121          10
95          56           37          6          34          64          10
34          85           35          30          111          141          10
24          38           15          10          148          178          10
8          15           80          10          91          121          10
51          55           20          19          83          113          10
15          2           40          20          58          88          10
96          55           54          26          132          162          10
4          20           80          40          141          171          10
93          61           52          3          178          208          10
71          65           55          14          65          95          10
98          26           52          9          46          76          10
38          62           80          30          75          105          10
99          26           35          15          77          107          10
64          45           30          17          53          83          10
3          22           85          10          109          139          10
19          42           10          40          72          102          10
6          18           75          20          95          125          10
100          31           67          3          180          210          10
82          27           43          9          42          72          10