C101

VEHICLE
NUMBER     CAPACITY
  25         200

CUSTOMER
CUST NO.  XCOORD.   YCOORD.    DEMAND   READY TIME  DUE DATE   SERVICE   TIME

0         40          50         0         0         240         0
22         40          15         40         92         122         10
63         65          20         6         39         69         10
56         50          35         19         130         160         10
58         15          10         20         152         182         10
50         72          35         30         116         146         10
76         60          12         31         75         105         10
23         38          5         30         65         95         10
89         67          5         25         144         174         10
44         55          82         10         64         94         10
37         65          82         10         124         154         10
57         30          25         23         96         126         10
52         25          30         3         52         82         10
4         20          80         40         141         171         10
30         88          30         10         74         104         10
16         0          40         20         72         102         10
73         2          60         5         77         107         10
94         57          48         23         95         125         10
92         53          43         14         14         44         10
70         35          69         23         180         210         10
8         15          80         10         91         121         10
26         95          30         30         115         145         10
45         20          82         10         37         67         10
60         15          60         17         155         185         10
78         8          56         27         90         120         10
35         67          85         20         139         169         10
71         65          55         14         65         95         10
59         10          20         19         42         72         10
55         30          60         16         140         170         10
13         5          35         10         142         172         10
34         85          35         30         111         141         10
80         47          47         13         192         222         10
39         60          80         10         37         67         10
43         55          85         20         128         158         10
90         37          47         6         86         116         10
66         41          37         16         133         163         10
74         20          20         8         141         171         10
20         42          15         10         122         152         10
95         56          37         6         34         64         10
9         10          35         20         91         121         10
32         87          30         10         131         161         10
65         35          40         16         11         41         10
51         55          20         19         83         113         10
97         4          18         35         120         150         10
25         35          5         20         154         184         10
47         2          45         10         45         75         10
75         5          5         16         74         104         10
93         61          52         3         178         208         10
31         88          35         20         61         91         10
40         60          85         30         85         115         10
99         26          35         15         77         107         10
49         42          12         10         104         134         10
5         20          85         20         41         71         10
77         23          3         7         150         180         10
67         64          42         9         70         100         10
19         42          10         40         72         102         10
28         92          30         10         62         92         10
29         90          35         10         67         97         10
86         21          24         28         87         117         10
33         85          25         10         51         81         10
10         10          40         30         119         149         10